0.582240526465
0.766285289970
0.868055215873
0.922042597125
0.949930034695
0.964115306018
0.971270862267
0.974864706264
0.976665687983
0.977567199263
0.978018210699
0.978243780454
0.978356581350
0.978412985804
0.978441189033
0.978469392930
0.766285289970
0.978469392930
1.100241260514
1.166732020251
1.201740200886
1.219748671033
1.228888722173
1.233494057457
1.235805732030
1.236963844159
1.237543471867
1.237833429002
1.237978443435
1.238050959624
1.238087219962
1.238123481796
0.868055215873
1.100241260514
1.238123481796
1.315870289642
1.357841506930
1.379792071509
1.391041952485
1.396740619382
1.399609091262
1.401048205318
1.401768993909
1.402129697623
1.402310127026
1.402400361138
1.402445483049
1.402490608199
0.922042597125
1.166732020251
1.315870289642
1.402490608199
1.450576783892
1.476279286831
1.489643654472
1.496471260845
1.499924023365
1.501660506586
1.502531321568
1.502967378564
1.503185570217
1.503294706932
1.503349285523
1.503403870942
0.949930034695
1.201740200886
1.357841506930
1.450576783892
1.503403870942
1.532339750772
1.547676096917
1.555611377992
1.559654500311
1.561696252370
1.562722359661
1.563236745383
1.563494274381
1.563623123311
1.563687568934
1.563752028680
0.964115306018
1.219748671033
1.379792071509
1.476279286831
1.532339750772
1.563752028680
1.580764890714
1.589718349351
1.594332074991
1.596677572178
1.597860643579
1.598454852206
1.598752636928
1.598901700959
1.598976276090
1.599050880041
0.971270862267
1.228888722173
1.391041952485
1.489643654472
1.547676096917
1.580764890714
1.599050880041
1.608861644617
1.613994015077
1.616629300162
1.617966312691
1.618639972296
1.618978132996
1.619147551649
1.619232346265
1.619317198017
0.974864706264
1.233494057457
1.396740619382
1.496471260845
1.555611377992
1.589718349351
1.608861644617
1.619317198017
1.624877180294
1.627766520383
1.629243401752
1.629990655485
1.630366592499
1.630555152742
1.630649582627
1.630744113063
0.976665687983
1.235805732030
1.399609091262
1.499924023365
1.559654500311
1.594332074991
1.613994015077
1.624877180294
1.630744113063
1.633825615314
1.635411495480
1.636217018374
1.636623110899
1.636827014726
1.636929184237
1.637031500059
0.977567199263
1.236963844159
1.401048205318
1.501660506586
1.561696252370
1.596677572178
1.616629300162
1.627766520383
1.633825615314
1.637031500059
1.638689249714
1.639533566210
1.639959834506
1.640174029664
1.640281396836
1.640388945423
0.978018210699
1.237543471867
1.401768993909
1.502531321568
1.562722359661
1.597860643579
1.617966312691
1.629243401752
1.635411495480
1.638689249714
1.640388945423
1.641256021274
1.641694157448
1.641914414234
1.642024844878
1.642135478997
0.978243780454
1.237833429002
1.402129697623
1.502967378564
1.563236745383
1.598454852206
1.618639972296
1.629990655485
1.636217018374
1.639533566210
1.641256021274
1.642135478997
1.642580080384
1.642803641578
1.642915742796
1.643028059904
0.978356581350
1.237978443435
1.402310127026
1.503185570217
1.563494274381
1.598752636928
1.618978132996
1.630366592499
1.636623110899
1.639959834506
1.641694157448
1.642580080384
1.643028059904
1.643253348264
1.643366322815
1.643479519838
0.978412985804
1.238050959624
1.402400361138
1.503294706932
1.563623123311
1.598901700959
1.619147551649
1.630555152742
1.636827014726
1.640174029664
1.641914414234
1.642803641578
1.643253348264
1.643479519838
1.643592941022
1.643706588071
0.978441189033
1.238087219962
1.402445483049
1.503349285523
1.563687568934
1.598976276090
1.619232346265
1.630649582627
1.636929184237
1.640281396836
1.642024844878
1.642915742796
1.643366322815
1.643592941022
1.643706588071
1.643820462711
0.978469392930
1.238123481796
1.402490608199
1.503403870942
1.563752028680
1.599050880041
1.619317198017
1.630744113063
1.637031500059
1.640388945423
1.642135478997
1.643028059904
1.643479519838
1.643706588071
1.643820462711
1.643934566682
