0.582240526465
0.766285289970
0.868055215873
0.922042597125
0.949930034695
0.964115306018
0.971270862267
0.974864706264
0.976665687983
0.977567199263
0.978018210699
0.978243780454
0.978356581350
0.978412985804
0.978441189033
0.978469392930
0.766285289970
0.978469392930
1.100241260514
1.166732020251
1.201740200886
1.219748671033
1.228888722173
1.233494057457
1.235805732030
1.236963844159
1.237543471867
1.237833429002
1.237978443435
1.238050959624
1.238087219962
1.238123481796
0.868055215873
1.100241260514
1.238123481796
1.315870289642
1.357841506930
1.379792071509
1.391041952485
1.396740619382
1.399609091262
1.401048205318
1.401768993909
1.402129697623
1.402310127026
1.402400361138
1.402445483049
1.402490608199
0.922042597125
1.166732020251
1.315870289642
1.402490608199
1.450576783892
1.476279286831
1.489643654472
1.496471260845
1.499924023365
1.501660506586
1.502531321568
1.502967378564
1.503185570217
1.503294706932
1.503349285523
1.503403870942
0.949930034695
1.201740200886
1.357841506930
1.450576783892
1.503403870942
1.532339750772
1.547676096917
1.555611377993
1.559654500314
1.561696252375
1.562722359667
1.563236745390
1.563494274389
1.563623123319
1.563687568942
1.563752028688
0.964115306018
1.219748671033
1.379792071509
1.476279286831
1.532339750772
1.563752028688
1.580764891266
1.589718354013
1.594332088660
1.596677595651
1.597860674363
1.598454887467
1.598752674669
1.598901740004
1.598976315805
1.599050920437
0.971270862267
1.228888722173
1.391041952485
1.489643654472
1.547676096917
1.580764891266
1.599050920437
1.608862009207
1.613995136425
1.616631283128
1.617968956349
1.618643026922
1.618981417092
1.619150957030
1.619235814001
1.619320729278
0.974864706264
1.233494057457
1.396740619382
1.496471260845
1.555611377993
1.589718354013
1.608862009207
1.619320729278
1.624888694251
1.627787712327
1.629272340815
1.630024539482
1.630403277260
1.630593329006
1.630688528664
1.630783845386
0.976665687983
1.235805732030
1.399609091262
1.499924023365
1.559654500314
1.594332088660
1.613995136425
1.624888694251
1.630783845386
1.633902097693
1.635519111563
1.636345275031
1.636763323815
1.636973673730
1.637079191702
1.637184943054
0.977567199263
1.236963844159
1.401048205318
1.501660506586
1.561696252375
1.596677595651
1.616631283128
1.627787712327
1.633902097693
1.637184943054
1.638912107325
1.639804740824
1.640259913773
1.640489990893
1.640605694008
1.640721858024
0.978018210699
1.237543471867
1.401768993909
1.502531321568
1.562722359667
1.597860674363
1.617968956349
1.629272340815
1.635519111563
1.638912107325
1.640721858024
1.641669716894
1.642158193852
1.642406859530
1.642532434982
1.642658901773
0.978243780454
1.237833429002
1.402129697623
1.502967378564
1.563236745390
1.598454887467
1.618643026922
1.630024539482
1.636345275031
1.639804740824
1.641669716894
1.642658901773
1.643174865318
1.643439964350
1.643574636447
1.643710895199
0.978356581350
1.237978443435
1.402310127026
1.503185570217
1.563494274389
1.598752674669
1.618981417092
1.630403277260
1.636763323815
1.640259913773
1.642158193852
1.643174865318
1.643710895199
1.643988819213
1.644130879772
1.644275330608
0.978412985804
1.238050959624
1.402400361138
1.503294706932
1.563623123319
1.598901740004
1.619150957030
1.630593329006
1.636973673730
1.640489990893
1.642406859530
1.643439964350
1.643988819213
1.644275330608
1.644422473677
1.644572671037
0.978441189033
1.238087219962
1.402445483049
1.503349285523
1.563687568942
1.598976315805
1.619235814001
1.630688528664
1.637079191702
1.640605694008
1.642532434982
1.643574636447
1.644130879772
1.644422473677
1.644572671037
1.644726359326
0.978469392930
1.238123481796
1.402490608199
1.503403870942
1.563752028688
1.599050920437
1.619320729278
1.630783845386
1.637184943054
1.640721858024
1.642658901773
1.643710895199
1.644275330608
1.644572671037
1.644726359326
1.644884068098
