0.693147180560
0.980829253012
1.163150809806
1.268511325464
1.325669739303
1.355522702453
1.370790174584
1.378512220678
1.382395720704
1.384343140989
1.385318275147
1.385806199042
1.386050250293
1.386172298258
1.386233327826
1.386294361120
0.980829253012
1.386294361120
1.673976433572
1.856297990366
1.961658506023
2.018816919863
2.048669883013
2.063937355144
2.071659401238
2.075542901264
2.077490321549
2.078465455711
2.078953379602
2.079197430853
2.079319478818
2.079441541680
1.163150809806
1.673976433572
2.079441541680
2.367123614132
2.549445170926
2.654805686583
2.711964100423
2.741817063573
2.757084535704
2.764806581798
2.768690081824
2.770637502117
2.771612636271
2.772100560162
2.772344611413
2.772588722240
1.268511325464
1.856297990366
2.367123614132
2.772588722240
3.060270794692
3.242592351486
3.347952867143
3.405111280983
3.434964244133
3.450231716264
3.457953762358
3.461837262400
3.463784682676
3.464759816831
3.465247740722
3.465735902800
1.325669739303
1.961658506023
2.549445170926
3.060270794692
3.465735902800
3.753417975250
3.935739531916
4.041100046650
4.098258458538
4.128111419611
4.143378890214
4.151100935411
4.154984434910
4.156931854917
4.157906988933
4.158883074762
1.355522702453
2.018816919863
2.654805686583
3.242592351486
3.753417975250
4.158883074762
4.446564562433
4.628881643740
4.734232253552
4.791379815341
4.821224654415
4.836487141153
4.844206423499
4.848088468189
4.850035141677
4.851985601958
1.370790174584
2.048669883013
2.711964100423
3.347952867143
3.935739531916
4.446564562433
4.851985601958
5.139298822470
5.320738179399
5.425076238515
5.481441801176
5.510798440042
5.525787834906
5.533362644905
5.537170380458
5.540991786899
1.378512220678
2.063937355144
2.741817063573
3.405111280983
4.041100046650
4.628881643740
5.139298822470
5.540991786899
5.818692432714
5.988410550112
6.083389880317
6.133805216622
6.159801444575
6.173004390882
6.179658070432
6.186346942299
1.382395720704
2.071659401238
2.757084535704
3.434964244133
4.098258458538
4.734232253552
5.320738179399
5.818692432714
6.186346942299
6.420885418637
6.555346508884
6.627633235121
6.665151283358
6.684268949070
6.693919390136
6.703631661504
1.384343140989
2.075542901264
2.764806581798
3.450231716264
4.128111419611
4.791379815341
5.425076238515
5.988410550112
6.420885418637
6.703631661504
6.867927057488
6.956872570728
7.003201239101
7.026850770088
7.038799598799
7.050832212844
1.385318275147
2.077490321549
2.768690081824
3.457953762358
4.143378890214
4.821224654415
5.481441801176
6.083389880317
6.555346508884
6.867927057488
7.050832212844
7.150209589978
7.202066229737
7.228561891475
7.241954862491
7.255445881039
1.385806199042
2.078465455711
2.770637502117
3.461837262400
4.151100935411
4.836487141153
5.510798440042
6.133805216622
6.627633235121
6.956872570728
7.150209589978
7.255445881039
7.310410182859
7.338506613048
7.352712014397
7.367023616656
1.386050250293
2.078953379602
2.771612636271
3.463784682676
4.154984434910
4.844206423499
5.525787834906
6.159801444575
6.665151283358
7.003201239101
7.202066229737
7.310410182859
7.367023616656
7.395969719072
7.410606400809
7.425353644103
1.386172298258
2.079197430853
2.772100560162
3.464759816831
4.156931854917
4.848088468189
5.533362644905
6.173004390882
6.684268949070
7.026850770088
7.228561891475
7.338506613048
7.395969719072
7.425353644103
7.440212570668
7.455184315049
1.386233327826
2.079319478818
2.772344611413
3.465247740722
4.157906988933
4.850035141677
5.537170380458
6.179658070432
6.693919390136
7.038799598799
7.241954862491
7.352712014397
7.410606400809
7.440212570668
7.455184315049
7.470270024782
1.386294361120
2.079441541680
2.772588722240
3.465735902800
4.158883074762
4.851985601958
5.540991786899
6.186346942299
6.703631661504
7.050832212844
7.255445881039
7.367023616656
7.425353644103
7.455184315049
7.470270024782
7.485470860550
