0.693147180560
0.980829253012
1.163150809806
1.268511325464
1.325669739303
1.355522702453
1.370790174584
1.378512220678
1.382395720704
1.384343140989
1.385318275147
1.385806199042
1.386050250293
1.386172298258
1.386233327826
1.386294361120
0.980829253012
1.386294361120
1.673976433572
1.856297990366
1.961658506023
2.018816919863
2.048669883013
2.063937355144
2.071659401238
2.075542901264
2.077490321549
2.078465455711
2.078953379602
2.079197430853
2.079319478818
2.079441541680
1.163150809806
1.673976433572
2.079441541680
2.367123614132
2.549445170926
2.654805686583
2.711964100423
2.741817063573
2.757084535704
2.764806581798
2.768690081824
2.770637502117
2.771612636271
2.772100560162
2.772344611413
2.772588722240
1.268511325464
1.856297990366
2.367123614132
2.772588722240
3.060270794692
3.242592351486
3.347952867143
3.405111280983
3.434964244133
3.450231716264
3.457953762358
3.461837262400
3.463784682676
3.464759816831
3.465247740722
3.465735902800
1.325669739303
1.961658506023
2.549445170926
3.060270794692
3.465735902800
3.753417975252
3.935739532045
4.041100047703
4.098258461543
4.128111424693
4.143378896824
4.151100942949
4.154984442960
4.156931863236
4.157906997391
4.158883083360
1.355522702453
2.018816919863
2.654805686583
3.242592351486
3.753417975252
4.158883083360
4.446565155811
4.628886712605
4.734247228263
4.791405642103
4.821258605253
4.836526077447
4.844248123509
4.848131623520
4.850079043796
4.852030263920
1.370790174584
2.048669883013
2.711964100423
3.347952867143
3.935739532045
4.446565155811
4.852030263920
5.139712336371
5.322033893165
5.427394408823
5.484552822663
5.514405785937
5.529673258007
5.537395304069
5.541278804080
5.545177444480
1.378512220678
2.063937355144
2.741817063573
3.405111280983
4.041100047703
4.628886712605
5.139712336371
5.545177444480
5.832859516931
6.015181073725
6.120541589383
6.177700003464
6.207552966497
6.222820438567
6.230542484629
6.238324625040
1.382395720704
2.071659401238
2.757084535704
3.434964244133
4.098258461543
4.734247228263
5.322033893165
5.832859516931
6.238324625040
6.526006697491
6.708328254284
6.813688770386
6.870847183980
6.900700146973
6.915967619011
6.931471805440
1.384343140989
2.075542901264
2.764806581798
3.450231716264
4.128111424693
4.791405642103
5.427394408823
6.015181073725
6.526006697491
6.931471805440
7.219153850335
7.401475057164
7.506834534810
7.563991614737
7.593843491580
7.624613630686
1.385318275147
2.077490321549
2.768690081824
3.457953762358
4.143378896824
4.821258605253
5.484552822663
6.120541589383
6.708328254284
7.219153850335
7.624613630686
7.912221017756
8.094303215928
8.199337773174
8.256220952323
8.316449404973
1.385806199042
2.078465455711
2.770637502117
3.461837262400
4.151100942949
4.836526077447
5.514405785937
6.177700003464
6.813688770386
7.401475057164
7.912221017756
8.316449404973
8.599744022496
8.775556229187
8.875077736917
8.984000752998
1.386050250293
2.078953379602
2.771612636271
3.463784682676
4.154984442960
4.844248123509
5.529673258007
6.207552966497
6.870847183980
7.506834534810
8.094303215928
8.599744022496
8.984000752998
9.236677820111
9.384679048415
9.550767725071
1.386172298258
2.079197430853
2.772100560162
3.464759816831
4.156931863236
4.848131623520
5.537395304069
6.222820438567
6.900700146973
7.563991614737
8.199337773174
8.775556229187
9.236677820111
9.550767725071
9.738478835457
9.952189470077
1.386233327826
2.079319478818
2.772344611413
3.465247740722
4.157906997391
4.850079043796
5.541278804080
6.230542484629
6.915967619011
7.593843491580
8.256220952323
8.875077736917
9.384679048415
9.738478835457
9.952189470077
10.197341684000
1.386294361120
2.079441541680
2.772588722240
3.465735902800
4.158883083360
4.852030263920
5.545177444480
6.238324625040
6.931471805440
7.624613630686
8.316449404973
8.984000752998
9.550767725071
9.952189470077
10.197341684000
10.480728217229
