1.190482539524
1.563109251104
1.791507217641
1.951576705790
2.049611539086
2.104504205118
2.133652730790
2.148687060553
2.156323956557
2.160172954242
2.162105171098
2.163073214316
2.163557734505
2.163800131810
2.163921301349
2.164002158997
1.563109251104
4.185707196303
5.267514391269
6.155219665495
6.769251660676
7.142043076230
7.349724650412
7.459704432433
7.516349676589
7.545102631359
7.559588782055
7.566859639247
7.570501804897
7.572324520087
7.573237124910
7.573845265887
1.791507217641
5.267514391269
7.311014882971
9.360346956385
11.052798509087
12.227536059441
12.942015618552
13.340409117940
13.551477246999
13.660212614848
13.715412512686
13.743224686534
13.757184122929
13.764177663392
13.767678266909
13.770011697574
1.951576705790
6.155219665495
9.360346956385
13.273555359548
17.229964405293
20.512341555899
22.796124759197
24.186815387792
24.962732620533
25.373935582720
25.585805553347
25.693369918533
25.747568590434
25.774771019678
25.788399311441
25.797495927603
2.049611539086
6.769251660676
11.052798509087
17.229964405293
24.843964965111
32.585287521309
39.027322549354
43.516477976292
46.252218805801
47.779167434872
48.588536270761
49.005597690817
49.217345140758
49.324042020919
49.377590343746
49.413381894013
2.104504205118
7.142043076230
12.227536059441
20.512341555899
32.585287521309
47.562238204705
62.844904818183
75.586747756336
84.474343826202
89.893028863756
92.918131332418
94.521779049870
95.348171675407
95.767755692273
95.979174401404
96.120760253614
2.133652730790
7.349724650412
12.942015618552
22.796124759197
39.027322549354
62.844904818183
92.511880460554
122.851351091758
148.175090351880
165.848298865549
176.626264843580
182.644043977980
185.834346099952
187.478411718938
188.313172045463
188.874728589345
2.148687060553
7.459704432433
13.340409117940
24.186815387792
43.516477976292
75.586747756336
122.851351091758
181.867422831688
242.298453723351
292.770719978745
328.005268480451
349.495928762400
361.495802281215
367.857673782711
371.136246503044
373.361584577129
2.156323956557
7.516349676589
13.551477246999
24.962732620533
46.252218805801
84.474343826202
148.175090351880
242.298453723351
359.987827052167
480.584118776212
581.338432350483
651.676604766263
694.568982799932
718.512073100102
731.202578029216
739.966838448188
2.160172954242
7.545102631359
13.660212614848
25.373935582720
47.779167434872
89.893028863756
165.848298865549
292.770719978745
480.584118776212
715.571494081586
955.899148697190
1154.612798263072
1290.641435611672
1371.896940804499
1416.563881094177
1448.110454986245
2.162105171098
7.559588782055
13.715412512686
25.585805553347
48.588536270761
92.918131332418
176.626264843580
328.005268480451
581.338432350483
955.899148697190
1413.826442104579
1844.065405351296
2156.455282146715
2346.618457004708
2451.607774248065
2525.876175251752
2.163073214316
7.566859639247
13.743224686534
25.693369918533
49.005597690817
94.521779049870
182.644043977980
349.495928762400
651.676604766263
1154.612798263072
1844.065405351296
2518.677624621952
2999.589868837541
3283.608855244919
3436.952600639784
3543.896952863746
2.163557734505
7.570501804897
13.757184122929
25.747568590434
49.217345140758
95.348171675407
185.834346099952
361.495802281215
694.568982799932
1290.641435611672
2156.455282146715
2999.589868837541
3578.498144375181
3909.130939418368
4083.943926631061
4204.350293669981
2.163800131810
7.572324520087
13.764177663392
25.774771019678
49.324042020919
95.767755692273
187.478411718938
367.857673782711
718.512073100102
1371.896940804499
2346.618457004708
3283.608855244919
3909.130939418368
4258.673970706356
4441.131216934164
4565.867577691688
2.163921301349
7.573237124910
13.767678266909
25.788399311441
49.377590343746
95.979174401404
188.313172045463
371.136246503044
731.202578029216
1416.563881094177
2451.607774248065
3436.952600639784
4083.943926631061
4441.131216934164
4626.304238059929
4752.391358407413
2.164002158997
7.573845265887
13.770011697574
25.797495927603
49.413381894013
96.120760253614
188.874728589345
373.361584577129
739.966838448188
1448.110454986245
2525.876175251752
3543.896952863746
4204.350293669981
4565.867577691688
4752.391358407413
4879.059035686938
