1.190482539524
1.563109251104
1.791507217641
1.951576705790
2.049611539086
2.104504205118
2.133652730790
2.148687060553
2.156323956557
2.160172954242
2.162105171098
2.163073214316
2.163557734505
2.163800131810
2.163921301349
2.164002158997
1.563109251104
4.185707196303
5.267514391269
6.155219665495
6.769251660676
7.142043076230
7.349724650412
7.459704432433
7.516349676589
7.545102631359
7.559588782055
7.566859639247
7.570501804897
7.572324520087
7.573237124910
7.573845265887
1.791507217641
5.267514391269
7.311014882971
9.360346956385
11.052798509087
12.227536059441
12.942015618552
13.340409117940
13.551477246999
13.660212614848
13.715412512686
13.743224686534
13.757184122929
13.764177663392
13.767678266909
13.770011697574
1.951576705790
6.155219665495
9.360346956385
13.273555359548
17.229964405293
20.512341555899
22.796124759197
24.186815387792
24.962732620533
25.373935582720
25.585805553347
25.693369918533
25.747568590434
25.774771019678
25.788399311441
25.797495927603
2.049611539086
6.769251660676
11.052798509087
17.229964405293
24.843964965111
32.585287520691
39.027322484952
43.516477181402
46.252215656031
47.779160944054
48.588526744095
49.005586469009
49.217333376148
49.324028375072
49.377576256528
49.413367715740
2.104504205118
7.142043076230
12.227536059441
20.512341555899
32.585287520691
47.562234887992
62.844576479288
75.582658118905
84.458320080508
89.860209102640
92.870710833270
94.464634442860
95.285402070964
95.701954840479
95.911812499146
96.052322680751
2.133652730790
7.349724650412
12.942015618552
22.796124759197
39.027322484952
62.844576479288
92.480581086717
122.472193914194
146.706848661841
162.844955406007
172.278350376852
177.394318896867
180.060344743132
181.421463342283
182.109183090577
182.570500734650
2.148687060553
7.459704432433
13.340409117940
24.186815387792
43.516477181402
75.582658118905
122.472193914194
177.391014948861
225.113724782706
257.346075663207
276.071264650397
286.146436017692
291.368636150914
294.026583372562
295.367363070029
296.266044638858
2.156323956557
7.516349676589
13.551477246999
24.962732620533
46.252215656031
84.458320080508
146.706848661841
225.113724782706
293.056587672859
337.321136821893
362.221979771051
375.351035723106
382.080087582670
385.484864873002
387.197199974700
388.342915940085
2.160172954242
7.545102631359
13.660212614848
25.373935582720
47.779160944054
89.860209102640
162.844955406007
257.346075663207
337.321136821893
387.576780129395
415.117821932274
429.420990681846
436.693107586990
440.357547053257
442.196527434076
443.425737064861
2.162105171098
7.559588782055
13.715412512686
25.585805553347
48.588526744095
92.870710833270
172.278350376852
276.071264650397
362.221979771051
415.117821932274
443.659357609831
458.354988268342
465.792737846598
469.532401345169
471.407052217214
472.659010843398
2.163073214316
7.566859639247
13.743224686534
25.693369918533
49.005586469009
94.464634442860
177.394318896867
286.146436017692
375.351035723106
429.420990681846
458.354988268342
473.184824308586
480.674350708112
484.434262068145
486.318075696618
487.575207579291
2.163557734505
7.570501804897
13.757184122929
25.747568590434
49.217333376148
95.285402070964
180.060344743132
291.368636150914
382.080087582670
436.693107586990
465.792737846598
480.674350708112
488.178522606666
491.945896921080
493.832693748945
495.094452320440
2.163800131810
7.572324520087
13.764177663392
25.774771019678
49.324028375072
95.701954840479
181.421463342283
294.026583372562
385.484864873002
440.357547053257
469.532401345169
484.434262068145
491.945896921080
495.715211750236
497.600553320123
498.862481257225
2.163921301349
7.573237124910
13.767678266909
25.788399311441
49.377576256528
95.911812499146
182.109183090577
295.367363070029
387.197199974700
442.196527434076
471.407052217214
486.318075696618
493.832693748945
497.600553320123
499.492245779958
500.746303570902
2.164002158997
7.573845265887
13.770011697574
25.797495927603
49.413367715740
96.052322680751
182.570500734650
296.266044638858
388.342915940085
443.425737064861
472.659010843398
487.575207579291
495.094452320440
498.862481257225
500.746303570902
502.008167309684
