0.500000000000
0.625000000000
0.687500000000
0.718750000000
0.734375000000
0.742187500000
0.746093750000
0.748046875000
0.749023437500
0.749511718750
0.749755859375
0.749877929688
0.749938964844
0.749969482422
0.749984741211
0.750000000000
0.625000000000
0.750000000000
0.812500000000
0.843750000000
0.859375000000
0.867187500000
0.871093750000
0.873046875000
0.874023437500
0.874511718750
0.874755859375
0.874877929688
0.874938964844
0.874969482422
0.874984741211
0.875000000000
0.687500000000
0.812500000000
0.875000000000
0.906250000000
0.921875000000
0.929687500000
0.933593750000
0.935546875000
0.936523437500
0.937011718750
0.937255859375
0.937377929688
0.937438964844
0.937469482422
0.937484741211
0.937500000000
0.718750000000
0.843750000000
0.906250000000
0.937500000000
0.953125000000
0.960937500000
0.964843750000
0.966796875000
0.967773437500
0.968261718750
0.968505859375
0.968627929688
0.968688964844
0.968719482422
0.968734741211
0.968750000000
0.734375000000
0.859375000000
0.921875000000
0.953125000000
0.968750000000
0.976562500000
0.980468750000
0.982421875000
0.983398437500
0.983886718750
0.984130859375
0.984252929688
0.984313964844
0.984344482422
0.984359741211
0.984375000000
0.742187500000
0.867187500000
0.929687500000
0.960937500000
0.976562500000
0.984375000000
0.988281250000
0.990234375000
0.991210937500
0.991699218750
0.991943359375
0.992065429688
0.992126464844
0.992156982422
0.992172241211
0.992187500000
0.746093750000
0.871093750000
0.933593750000
0.964843750000
0.980468750000
0.988281250000
0.992187500000
0.994140625000
0.995117187500
0.995605468750
0.995849609375
0.995971679688
0.996032714844
0.996063232422
0.996078491211
0.996093750000
0.748046875000
0.873046875000
0.935546875000
0.966796875000
0.982421875000
0.990234375000
0.994140625000
0.996093750000
0.997070312500
0.997558593750
0.997802734375
0.997924804688
0.997985839844
0.998016357422
0.998031616211
0.998046875000
0.749023437500
0.874023437500
0.936523437500
0.967773437500
0.983398437500
0.991210937500
0.995117187500
0.997070312500
0.998046875000
0.998535156250
0.998779296875
0.998901367188
0.998962402344
0.998992919922
0.999008178711
0.999023437500
0.749511718750
0.874511718750
0.937011718750
0.968261718750
0.983886718750
0.991699218750
0.995605468750
0.997558593750
0.998535156250
0.999023437500
0.999267578125
0.999389648438
0.999450683594
0.999481201172
0.999496459961
0.999511718750
0.749755859375
0.874755859375
0.937255859375
0.968505859375
0.984130859375
0.991943359375
0.995849609375
0.997802734375
0.998779296875
0.999267578125
0.999511718750
0.999633789062
0.999694824219
0.999725341797
0.999740600586
0.999755859375
0.749877929688
0.874877929688
0.937377929688
0.968627929688
0.984252929688
0.992065429688
0.995971679688
0.997924804688
0.998901367188
0.999389648438
0.999633789062
0.999755859375
0.999816894531
0.999847412109
0.999862670898
0.999877929688
0.749938964844
0.874938964844
0.937438964844
0.968688964844
0.984313964844
0.992126464844
0.996032714844
0.997985839844
0.998962402344
0.999450683594
0.999694824219
0.999816894531
0.999877929688
0.999908447266
0.999923706055
0.999938964844
0.749969482422
0.874969482422
0.937469482422
0.968719482422
0.984344482422
0.992156982422
0.996063232422
0.998016357422
0.998992919922
0.999481201172
0.999725341797
0.999847412109
0.999908447266
0.999938964844
0.999954223633
0.999969482422
0.749984741211
0.874984741211
0.937484741211
0.968734741211
0.984359741211
0.992172241211
0.996078491211
0.998031616211
0.999008178711
0.999496459961
0.999740600586
0.999862670898
0.999923706055
0.999954223633
0.999969482422
0.999984741211
0.750000000000
0.875000000000
0.937500000000
0.968750000000
0.984375000000
0.992187500000
0.996093750000
0.998046875000
0.999023437500
0.999511718750
0.999755859375
0.999877929688
0.999938964844
0.999969482422
0.999984741211
1.000000000000
